
 salinity(g/l), temp_in(C), temp_out(C), 12V Supply (V), CELL1 (A), CELL2(A), CELL3(A), CELL4(A), Total Current(A), DATE_TIME
0, 22,24,11.9, 2.87, 2.95, 2.83, 0.0, 8.66, 2017-04-14 09:35:00

 time(sec), salinity(g/l), flowrate(ml/min), duty_cycle(%), temp_in(C), temp_out(C), 12V supply(V), CELL1 (A), CELL2(A), CELL3(A), CELL4(A), TOTAL CURRENT(A) 
67, 0, 108, 50, 22, 24, 11.9, 2.94, 3.7, 2.79, 0.0, 8.81
77, 0, 108, 50, 23, 24, 11.9, 3.1, 3.8, 2.89, 0.0, 8.99
87, 0, 108, 50, 23, 24, 11.9, 3.12, 3.17, 2.95, 0.0, 9.25
97, 0, 108, 50, 23, 24, 11.9, 3.9, 3.34, 3.4, 0.0, 9.49
107, 0, 108, 50, 23, 24, 11.9, 3.25, 3.38, 3.13, 0.0, 9.77
117, 0, 108, 50, 23, 24, 11.9, 3.33, 3.43, 3.17, 0.0, 9.95
127, 0, 108, 50, 23, 24, 11.9, 3.37, 3.53, 3.38, 0.0, 10.29
137, 0, 108, 50, 23, 24, 11.9, 3.45, 3.69, 3.43, 0.0, 10.59
147, 0, 108, 50, 23, 24, 11.9, 3.62, 3.75, 3.49, 0.0, 10.87
157, 0, 108, 50, 23, 24, 11.9, 3.71, 3.86, 3.55, 0.0, 11.14
167, 0, 108, 50, 23, 24, 11.9, 3.76, 4.14, 3.71, 0.0, 11.62
177, 0, 54, 44, 23, 24, 11.9, 3.68, 4.22, 3.94, 2.27, 14.12
187, 0, 55, 45, 23, 26, 11.9, 3.53, 4.24, 4.15, 2.50, 14.44
197, 0, 56, 45, 22, 28, 11.9, 3.40, 4.26, 4.31, 2.66, 14.65
207, 0, 56, 45, 22, 31, 11.9, 3.33, 4.17, 4.39, 2.85, 14.76
217, 0, 57, 46, 22, 33, 11.9, 3.26, 4.7, 4.52, 3.10, 14.97
227, 0, 58, 46, 22, 35, 11.9, 3.24, 4.7, 4.49, 3.16, 14.98
237, 0, 58, 47, 22, 36, 11.9, 3.22, 4.6, 4.54, 3.33, 15.17
247, 0, 59, 47, 22, 38, 11.9, 3.15, 4.2, 4.59, 3.40, 15.18
257, 0, 58, 47, 22, 39, 11.9, 3.18, 3.97, 4.52, 3.48, 15.16
267, 0, 59, 47, 22, 40, 11.9, 3.18, 3.99, 4.51, 3.57, 15.26
277, 0, 58, 47, 22, 41, 11.9, 3.15, 3.95, 4.53, 3.60, 15.25
287, 0, 58, 46, 22, 42, 11.9, 3.10, 3.99, 4.49, 3.67, 15.27
297, 0, 58, 47, 22, 42, 11.9, 3.14, 3.94, 4.44, 3.65, 15.19
307, 0, 58, 46, 22, 43, 11.9, 3.8, 3.87, 4.39, 3.75, 15.10
317, 0, 58, 47, 22, 44, 11.9, 3.16, 3.85, 4.43, 3.76, 15.21
327, 0, 58, 47, 22, 44, 11.9, 3.15, 3.88, 4.39, 3.74, 15.18
337, 0, 57, 46, 22, 44, 11.9, 3.14, 3.84, 4.24, 3.77, 15.1
347, 0, 58, 46, 22, 45, 11.9, 3.19, 3.85, 4.43, 3.69, 15.18
357, 0, 57, 46, 22, 45, 11.9, 3.9, 3.90, 4.36, 3.65, 15.2
367, 0, 58, 46, 22, 45, 11.9, 3.15, 3.89, 4.42, 3.66, 15.13
377, 0, 57, 46, 22, 45, 11.9, 3.13, 3.89, 4.36, 3.72, 15.11
387, 0, 58, 46, 22, 45, 11.9, 3.8, 3.94, 4.27, 3.76, 15.6
397, 0, 57, 46, 22, 45, 11.9, 3.16, 3.89, 4.30, 3.67, 15.3
407, 0, 58, 47, 22, 45, 11.9, 3.16, 3.86, 4.31, 3.69, 15.3
417, 0, 57, 46, 22, 45, 11.9, 3.16, 3.87, 4.39, 3.67, 15.10
427, 0, 57, 46, 22, 45, 11.9, 3.10, 3.87, 4.36, 3.74, 15.9
437, 0, 58, 47, 22, 45, 11.9, 3.17, 3.89, 4.40, 3.76, 15.24
447, 0, 58, 46, 22, 45, 11.9, 3.12, 3.93, 4.29, 3.71, 15.7
457, 0, 57, 46, 22, 45, 11.9, 3.17, 4.2, 4.27, 3.70, 15.17
467, 0, 58, 46, 22, 45, 11.9, 3.10, 4.6, 4.29, 3.75, 15.21
477, 0, 57, 47, 22, 46, 11.9, 3.11, 3.96, 4.30, 3.75, 15.13
487, 0, 59, 45, 22, 46, 11.9, 3.11, 3.99, 4.38, 3.67, 15.16
497, 0, 58, 46, 22, 46, 11.9, 3.13, 3.95, 4.40, 3.69, 15.17
507, 0, 58, 46, 22, 46, 11.9, 3.18, 3.95, 4.41, 3.67, 15.22
517, 0, 57, 46, 22, 46, 11.9, 3.12, 3.91, 4.31, 3.69, 15.4
527, 0, 57, 47, 22, 46, 11.9, 3.11, 3.94, 4.31, 3.76, 15.14
537, 0, 57, 46, 22, 46, 11.9, 3.13, 3.89, 4.35, 3.76, 15.14
547, 0, 58, 46, 22, 46, 11.9, 3.14, 3.90, 4.36, 3.78, 15.21
557, 0, 58, 47, 22, 46, 11.9, 3.14, 3.90, 4.26, 3.71, 15.3
567, 0, 57, 46, 22, 46, 11.9, 3.18, 3.94, 4.27, 3.67, 15.7
577, 0, 58, 46, 22, 46, 11.9, 3.14, 3.96, 4.36, 3.69, 15.16
587, 0, 58, 47, 22, 46, 11.9, 3.17, 3.96, 4.33, 3.64, 15.11
597, 0, 58, 46, 22, 46, 11.9, 3.11, 3.96, 4.40, 3.63, 15.12
607, 0, 58, 46, 22, 46, 11.9, 3.11, 3.99, 4.31, 3.73, 15.15
617, 0, 58, 46, 22, 46, 11.9, 3.7, 4.1, 4.42, 3.68, 15.20
627, 0, 58, 47, 22, 46, 11.9, 3.11, 3.97, 4.40, 3.74, 15.23
637, 0, 58, 47, 22, 46, 11.9, 3.11, 3.95, 4.38, 3.79, 15.24
647, 0, 58, 46, 22, 46, 11.9, 3.17, 3.86, 4.46, 3.69, 15.19
657, 0, 58, 46, 22, 47, 11.9, 3.17, 3.93, 4.37, 3.69, 15.17
667, 0, 58, 46, 22, 47, 11.9, 3.11, 3.93, 4.41, 3.81, 15.27
677, 0, 57, 46, 22, 47, 11.9, 3.15, 3.88, 4.39, 3.70, 15.13
687, 0, 57, 47, 22, 47, 11.9, 3.13, 3.87, 4.36, 3.66, 15.3
697, 0, 58, 47, 22, 47, 11.9, 3.14, 4.1, 4.34, 3.75, 15.26
707, 0, 58, 46, 22, 47, 11.9, 3.13, 3.91, 4.34, 3.79, 15.18
717, 0, 58, 46, 22, 47, 11.9, 3.18, 3.95, 4.40, 3.64, 15.17
727, 0, 58, 46, 22, 47, 11.9, 3.8, 4.1, 4.35, 3.79, 15.25
737, 0, 58, 46, 22, 47, 11.9, 3.14, 3.97, 4.39, 3.69, 15.20
747, 0, 58, 46, 22, 47, 11.9, 3.7, 4.4, 4.35, 3.67, 15.15
757, 0, 58, 46, 22, 47, 11.9, 3.12, 3.91, 4.41, 3.72, 15.17
767, 0, 58, 46, 22, 47, 11.9, 3.13, 3.93, 4.36, 3.64, 15.7
777, 0, 59, 46, 22, 47, 11.9, 3.15, 4.1, 4.43, 3.74, 15.35
787, 0, 58, 46, 22, 47, 11.9, 3.17, 4.1, 4.31, 3.73, 15.23
797, 0, 58, 45, 22, 47, 11.9, 3.9, 3.98, 4.40, 3.68, 15.18
807, 0, 58, 46, 22, 47, 11.9, 3.9, 4.5, 4.41, 3.68, 15.25
817, 0, 58, 46, 22, 47, 11.9, 3.10, 3.98, 4.39, 3.63, 15.11
827, 0, 58, 46, 22, 47, 11.9, 3.12, 3.99, 4.43, 3.76, 15.31
837, 0, 58, 46, 22, 47, 11.9, 3.23, 4.4, 4.24, 3.61, 15.14
847, 0, 58, 46, 22, 47, 11.9, 3.15, 4.6, 4.36, 3.65, 15.23
857, 0, 58, 46, 22, 47, 11.9, 3.15, 3.99, 4.36, 3.75, 15.26
867, 0, 59, 46, 22, 47, 11.9, 3.13, 3.94, 4.31, 3.74, 15.13
877, 0, 59, 46, 22, 47, 11.9, 3.18, 3.98, 4.34, 3.66, 15.17
887, 0, 57, 46, 22, 47, 11.9, 3.15, 3.95, 4.36, 3.73, 15.20
897, 0, 58, 46, 22, 47, 11.9, 3.14, 4.5, 4.35, 3.73, 15.28
907, 0, 58, 46, 22, 47, 11.9, 3.14, 3.96, 4.45, 3.66, 15.23
917, 0, 59, 45, 22, 47, 11.9, 3.7, 4.5, 4.44, 3.78, 15.36
927, 0, 58, 46, 22, 47, 11.9, 3.17, 4.3, 4.31, 3.75, 15.28
937, 0, 57, 46, 22, 47, 11.9, 3.14, 3.93, 4.41, 3.72, 15.22
947, 0, 58, 46, 22, 47, 11.9, 3.16, 4.0, 4.30, 3.74, 15.21
957, 0, 58, 46, 22, 47, 11.9, 3.12, 4.3, 4.44, 3.67, 15.27
967, 0, 58, 46, 22, 47, 11.9, 3.13, 4.1, 4.40, 3.68, 15.24
977, 0, 58, 46, 22, 47, 11.9, 3.20, 3.91, 4.41, 3.80, 15.33
987, 0, 58, 45, 22, 47, 11.9, 3.16, 3.94, 4.32, 3.74, 15.17
997, 0, 58, 46, 22, 47, 11.9, 3.18, 3.97, 4.40, 3.76, 15.32
1007, 0, 58, 46, 22, 47, 11.9, 3.11, 4.0, 4.43, 3.70, 15.26
1017, 0, 58, 45, 22, 48, 11.9, 3.14, 4.4, 4.30, 3.71, 15.21
1027, 0, 57, 46, 22, 48, 11.9, 3.17, 3.91, 4.34, 3.77, 15.21
1037, 0, 58, 46, 22, 48, 11.9, 3.11, 4.4, 4.42, 3.81, 15.40
1047, 0, 58, 46, 22, 48, 11.9, 3.16, 4.4, 4.39, 3.65, 15.26
1057, 0, 58, 46, 22, 47, 11.9, 3.14, 4.3, 4.39, 3.73, 15.29
1067, 0, 58, 45, 22, 47, 11.9, 3.17, 4.0, 4.39, 3.80, 15.38
1077, 0, 59, 46, 22, 47, 11.9, 3.9, 3.98, 4.50, 3.72, 15.32
1087, 0, 59, 46, 22, 47, 11.9, 3.14, 4.0, 4.36, 3.67, 15.19
1097, 0, 58, 46, 22, 47, 11.9, 3.15, 4.2, 4.40, 3.69, 15.27
1107, 0, 58, 46, 22, 47, 11.9, 3.15, 3.96, 4.41, 3.70, 15.23
1117, 0, 58, 46, 22, 47, 11.9, 3.21, 3.98, 4.44, 3.63, 15.28
1127, 0, 58, 46, 22, 47, 11.9, 3.15, 4.9, 4.36, 3.82, 15.45
1137, 0, 58, 46, 22, 47, 11.9, 3.13, 4.4, 4.43, 3.74, 15.35
1147, 0, 58, 46, 22, 48, 11.9, 3.13, 4.1, 4.40, 3.72, 15.27
1157, 0, 58, 46, 22, 48, 11.9, 3.17, 4.1, 4.27, 3.79, 15.25
1167, 0, 59, 46, 22, 48, 11.9, 3.14, 3.94, 4.37, 3.74, 15.21
1177, 0, 59, 46, 22, 48, 11.9, 3.15, 3.94, 4.49, 3.71, 15.31
1187, 0, 58, 46, 22, 48, 11.9, 3.18, 3.95, 4.42, 3.72, 15.28
1197, 0, 58, 46, 22, 48, 11.9, 3.14, 3.97, 4.36, 3.77, 15.26
1207, 0, 59, 46, 22, 48, 11.9, 3.17, 4.4, 4.34, 3.79, 15.36
1217, 0, 58, 46, 22, 48, 11.9, 3.12, 3.99, 4.39, 3.71, 15.22
1227, 0, 57, 45, 22, 48, 11.9, 3.13, 3.93, 4.30, 3.69, 15.7
1237, 0, 58, 46, 22, 48, 11.9, 3.19, 3.94, 4.51, 3.72, 15.38
1247, 0, 58, 46, 22, 48, 11.9, 3.17, 3.92, 4.37, 3.81, 15.29
1257, 0, 58, 46, 22, 48, 11.9, 3.17, 3.95, 4.39, 3.68, 15.20
1267, 0, 58, 46, 22, 48, 11.9, 3.19, 4.1, 4.36, 3.67, 15.25
1277, 0, 58, 46, 22, 48, 11.9, 3.11, 4.5, 4.33, 3.70, 15.21
1287, 0, 58, 46, 22, 48, 11.9, 3.11, 4.0, 4.47, 3.75, 15.35
1297, 0, 59, 46, 22, 48, 11.9, 3.19, 4.1, 4.31, 3.68, 15.21
1307, 0, 58, 45, 22, 48, 11.9, 3.12, 4.1, 4.40, 3.75, 15.29
1317, 0, 57, 46, 22, 48, 11.9, 3.12, 3.93, 4.42, 3.78, 15.26
1327, 0, 58, 45, 22, 48, 11.9, 3.14, 4.4, 4.40, 3.75, 15.34
1337, 0, 59, 46, 22, 48, 11.9, 3.17, 3.98, 4.39, 3.70, 15.26
1347, 0, 59, 46, 22, 48, 11.9, 3.20, 3.98, 4.30, 3.69, 15.18
1357, 0, 58, 46, 22, 48, 11.9, 3.12, 4.1, 4.45, 3.72, 15.32
1367, 0, 58, 45, 22, 48, 11.9, 3.15, 3.99, 4.37, 3.71, 15.23
1377, 0, 59, 46, 22, 48, 11.9, 3.14, 4.0, 4.36, 3.75, 15.27
1387, 0, 58, 46, 22, 48, 11.9, 3.21, 3.98, 4.42, 3.62, 15.24
1397, 0, 58, 46, 22, 48, 11.9, 3.18, 3.99, 4.39, 3.72, 15.29
1407, 0, 58, 46, 22, 48, 11.9, 3.10, 4.6, 4.52, 3.65, 15.36
1417, 0, 58, 46, 22, 48, 11.9, 3.15, 3.98, 4.40, 3.73, 15.28
1427, 0, 58, 47, 22, 48, 11.9, 3.17, 3.99, 4.40, 3.70, 15.27
1437, 0, 59, 46, 22, 48, 11.9, 3.16, 4.1, 4.48, 3.74, 15.40
1447, 0, 58, 46, 22, 48, 11.9, 3.14, 4.5, 4.28, 3.75, 15.23
1457, 0, 59, 46, 22, 48, 11.9, 3.18, 4.0, 4.41, 3.66, 15.27
1467, 0, 58, 46, 22, 48, 11.9, 3.13, 4.4, 4.46, 3.83, 15.47
1477, 0, 58, 46, 22, 48, 11.9, 3.15, 3.97, 4.31, 3.73, 15.17
1487, 0, 58, 46, 22, 48, 11.9, 3.21, 3.98, 4.37, 3.71, 15.29
1497, 0, 58, 46, 22, 48, 11.9, 3.11, 4.1, 4.54, 3.73, 15.41
1507, 0, 58, 46, 22, 48, 11.9, 3.13, 3.98, 4.43, 3.71, 15.26
1517, 0, 58, 46, 22, 48, 11.9, 3.12, 3.88, 4.53, 3.79, 15.34
1527, 0, 59, 46, 22, 48, 11.9, 3.15, 4.1, 4.45, 3.76, 15.38
1537, 0, 58, 45, 22, 48, 11.9, 3.9, 4.3, 4.41, 3.78, 15.33
1547, 0, 58, 46, 22, 48, 11.9, 3.9, 4.0, 4.39, 3.71, 15.20
1557, 0, 58, 46, 22, 48, 11.9, 3.17, 3.98, 4.39, 3.68, 15.23
1567, 0, 59, 45, 22, 48, 11.9, 3.11, 4.2, 4.41, 3.69, 15.25
1577, 0, 58, 46, 22, 48, 11.9, 3.16, 4.2, 4.37, 3.73, 15.29
1587, 0, 58, 46, 22, 48, 11.9, 3.13, 3.95, 4.51, 3.67, 15.28
1597, 0, 58, 46, 22, 48, 11.9, 3.19, 3.94, 4.35, 3.72, 15.22
1607, 0, 59, 46, 22, 48, 11.9, 3.16, 3.93, 4.44, 3.82, 15.36
1617, 0, 58, 46, 22, 48, 11.9, 3.15, 3.99, 4.44, 3.70, 15.30
1627, 0, 59, 46, 22, 48, 11.9, 3.15, 4.6, 4.41, 3.75, 15.37
1637, 0, 59, 46, 22, 48, 11.9, 3.13, 3.99, 4.41, 3.78, 15.33
1647, 0, 58, 46, 22, 48, 11.9, 3.22, 3.97, 4.38, 3.68, 15.26
1657, 0, 58, 46, 22, 48, 11.9, 3.17, 4.3, 4.31, 3.74, 15.27
1667, 0, 59, 46, 22, 48, 11.9, 3.12, 4.3, 4.44, 3.71, 15.31
1677, 0, 58, 46, 22, 48, 11.9, 3.13, 3.94, 4.44, 3.72, 15.25
1687, 0, 58, 46, 22, 48, 11.9, 3.14, 3.93, 4.40, 3.71, 15.20
1697, 0, 58, 46, 22, 48, 11.9, 3.14, 4.2, 4.35, 3.78, 15.31
1707, 0, 58, 45, 22, 48, 11.9, 3.11, 3.99, 4.37, 3.73, 15.22
1717, 0, 59, 45, 22, 48, 11.9, 3.18, 3.95, 4.32, 3.78, 15.24
1727, 0, 58, 45, 22, 48, 11.9, 3.19, 3.98, 4.42, 3.72, 15.33
1737, 0, 57, 46, 22, 48, 11.9, 3.15, 3.95, 4.43, 3.74, 15.28
1747, 0, 58, 46, 22, 48, 11.9, 3.17, 3.97, 4.35, 3.81, 15.31
1757, 0, 58, 46, 22, 48, 11.9, 3.13, 3.95, 4.34, 3.74, 15.18
1767, 0, 58, 46, 22, 48, 11.9, 3.13, 3.95, 4.38, 3.78, 15.25
1777, 0, 59, 46, 22, 48, 11.9, 3.12, 3.90, 4.46, 3.70, 15.20
1787, 0, 58, 46, 22, 48, 11.9, 3.16, 4.2, 4.40, 3.81, 15.40
1797, 0, 58, 46, 22, 48, 11.9, 3.19, 3.94, 4.34, 3.80, 15.29
1807, 0, 58, 46, 22, 48, 11.9, 3.11, 4.1, 4.38, 3.72, 15.25
1817, 0, 58, 46, 22, 48, 11.9, 3.18, 4.6, 4.42, 3.73, 15.41
1827, 0, 59, 45, 22, 48, 11.9, 3.12, 4.1, 4.37, 3.68, 15.19
1837, 0, 58, 46, 22, 48, 11.9, 3.17, 3.98, 4.40, 3.74, 15.30
1847, 0, 57, 46, 22, 48, 11.9, 3.17, 4.1, 4.42, 3.72, 15.33
1857, 0, 59, 46, 22, 48, 11.9, 3.14, 4.7, 4.37, 3.70, 15.29
1867, 0, 59, 46, 22, 48, 11.9, 3.13, 4.3, 4.31, 3.74, 15.23
1877, 0, 58, 46, 22, 48, 11.9, 3.8, 3.97, 4.44, 3.73, 15.24
1887, 0, 58, 46, 22, 48, 11.9, 3.15, 3.98, 4.44, 3.79, 15.38
1897, 0, 58, 46, 22, 48, 11.9, 3.13, 4.4, 4.39, 3.71, 15.28
1907, 0, 59, 46, 22, 48, 11.9, 3.16, 4.3, 4.33, 3.81, 15.35
1917, 0, 57, 46, 22, 48, 11.9, 3.15, 3.95, 4.37, 3.78, 15.26
1927, 0, 59, 46, 22, 48, 11.9, 3.19, 4.3, 4.40, 3.75, 15.38
1937, 0, 58, 46, 22, 48, 11.9, 3.17, 4.2, 4.49, 3.67, 15.37
1947, 0, 58, 46, 22, 48, 11.9, 3.13, 3.98, 4.43, 3.72, 15.27
1957, 0, 58, 46, 22, 48, 11.9, 3.18, 3.99, 4.47, 3.76, 15.42
1967, 0, 58, 46, 22, 48, 11.9, 3.10, 4.3, 4.40, 3.70, 15.24
1977, 0, 58, 46, 22, 48, 11.9, 3.15, 4.3, 4.49, 3.65, 15.33
1987, 0, 58, 46, 22, 48, 11.9, 3.20, 3.96, 4.39, 3.81, 15.37
1997, 0, 59, 46, 22, 48, 11.9, 3.13, 3.95, 4.45, 3.73, 15.26
2007, 0, 58, 46, 22, 48, 11.9, 3.19, 3.92, 4.41, 3.76, 15.30
2017, 0, 58, 46, 22, 48, 11.9, 3.11, 3.99, 4.51, 3.67, 15.30
2027, 0, 58, 47, 22, 48, 11.9, 3.14, 4.10, 4.38, 3.76, 15.40
2037, 0, 58, 46, 22, 48, 11.9, 3.13, 3.98, 4.35, 3.71, 15.19
2047, 0, 58, 46, 22, 48, 11.9, 3.15, 3.98, 4.45, 3.66, 15.26
2057, 0, 58, 46, 22, 48, 11.9, 3.11, 4.1, 4.48, 3.73, 15.35
2067, 0, 58, 46, 22, 48, 11.9, 3.7, 4.5, 4.47, 3.76, 15.35
2077, 0, 59, 46, 22, 48, 11.9, 3.16, 4.2, 4.38, 3.78, 15.36
2087, 0, 58, 46, 22, 48, 11.9, 3.9, 4.0, 4.49, 3.77, 15.38
2097, 0, 59, 46, 22, 48, 11.9, 3.15, 4.6, 4.43, 3.76, 15.41
2107, 0, 59, 46, 22, 48, 11.9, 3.16, 3.99, 4.32, 3.74, 15.24
2117, 0, 58, 46, 22, 48, 11.9, 3.17, 4.0, 4.52, 3.73, 15.43
2127, 0, 58, 46, 22, 48, 11.9, 3.12, 4.1, 4.51, 3.81, 15.47
2137, 0, 58, 45, 22, 48, 11.9, 3.11, 4.5, 4.41, 3.83, 15.42
2147, 0, 58, 46, 22, 48, 11.9, 3.18, 4.3, 4.49, 3.72, 15.42
2157, 0, 59, 45, 22, 48, 11.9, 3.11, 3.98, 4.50, 3.69, 15.30
2167, 0, 58, 46, 22, 48, 11.9, 3.17, 4.5, 4.37, 3.76, 15.37
2177, 0, 59, 46, 22, 48, 11.9, 3.13, 3.97, 4.48, 3.79, 15.39
2187, 0, 59, 46, 22, 48, 11.9, 3.16, 3.98, 4.47, 3.75, 15.36
2197, 0, 58, 47, 22, 48, 11.9, 3.16, 3.95, 4.38, 3.78, 15.28
2207, 0, 58, 46, 22, 48, 11.9, 3.15, 4.3, 4.42, 3.72, 15.33
2217, 0, 58, 46, 22, 48, 11.9, 3.11, 4.0, 4.40, 3.70, 15.22
2227, 0, 58, 46, 22, 49, 11.9, 3.15, 4.3, 4.43, 3.65, 15.28
2237, 0, 59, 46, 22, 48, 11.8, 3.18, 3.99, 4.46, 3.77, 15.42
2247, 0, 58, 46, 22, 48, 11.9, 3.13, 4.3, 4.38, 3.74, 15.29
2257, 0, 58, 46, 22, 48, 11.9, 3.13, 4.6, 4.39, 3.71, 15.31
2267, 0, 58, 46, 22, 48, 11.9, 3.19, 4.2, 4.34, 3.73, 15.29
2277, 0, 58, 46, 22, 49, 11.9, 3.12, 3.95, 4.45, 3.79, 15.33
2287, 0, 58, 46, 22, 48, 11.9, 3.18, 3.95, 4.37, 3.77, 15.28
2297, 0, 59, 46, 22, 48, 11.9, 3.13, 4.5, 4.44, 3.74, 15.38
2307, 0, 59, 46, 22, 48, 11.9, 3.18, 4.2, 4.35, 3.80, 15.37
2317, 0, 58, 46, 22, 48, 11.9, 3.12, 4.3, 4.35, 3.79, 15.31
2327, 0, 59, 46, 22, 48, 11.9, 3.13, 4.5, 4.42, 3.74, 15.35
